0.0   -5.044571649283171
0.0   -4.982359835878015
0.0   -5.295660195872188
0.0   -4.879189253319055
0.0   -5.368652514182031
0.0   -5.431223565712571
0.0   -4.799362413119525
0.0   -1.650305800139904
0.0   -5.209497866220772
0.0   -4.165772629901767
0.0   -2.1145752742886543
0.0   -5.343360803555697
0.0   -0.7724302411079407
0.0   -5.464171927422285
0.0   -5.4682329702191055
0.0   -5.17715754173696
0.0   -5.414563615806401
0.0   -5.264096659142524
0.0   2.250192642211914
0.0   -4.836856143083423
0.0   -5.1732494491152465
0.0   -5.483168750535697
0.0   3.2725842893123627
0.0   -5.377888221293688
0.0   -5.360933732241392
0.0   -5.4449786664918065
0.0   -5.4233165280893445
0.0   -1.2628254145383835
0.0   -5.318523902911693
0.0   -1.7871724180877209
0.0   -5.447042554151267
0.0   -5.360902422107756
0.0   -5.425362545065582
0.0   -3.663321522064507
0.0   5.866719216108322
0.0   -5.241559372283518
0.0   -5.247678168118
0.0   -5.482602285221219
0.0   -4.480870093218982
0.0   -5.4400651273317635
0.0   -0.8380532264709473
0.0   -5.473480082582682
0.0   -5.162527073640376
0.0   -4.780687091406435
0.0   -5.377447798382491
0.0   -5.362945109140128
0.0   0.067750483751297
0.0   -5.4288462502881885
0.0   -5.405484347604215
0.0   -4.152304841205478
0.0   -3.177947483956814
0.0   -4.986855198163539
0.0   -5.165704089449719
0.0   -5.512447332497686
0.0   -3.825968896970153
0.0   -5.416338881943375
0.0   -0.6945180110633373
0.0   -5.349599475506693
0.0   -4.356488946825266
0.0   -5.421925316564739
0.0   -5.450678187189624
0.0   -5.4422552906908095
0.0   -5.439170093275607
0.0   -5.5054764917586
0.0   -5.045843162806705
0.0   -5.1331214448437095
0.0   -4.998966663144529
0.0   -1.7994339689612389
0.0   -5.387400047155097
0.0   -2.563397593796253
0.0   -5.521050032693893
0.0   -5.230094314552844
0.0   -5.214646715205163
0.0   -5.489191173808649
0.0   -4.972338524181396
0.0   -5.215426938608289
0.0   -3.803289409726858
0.0   -5.303479497088119
0.0   -5.212454412132502
0.0   -5.3668129607103765
0.0   -5.39266901020892
0.0   -5.155846095643938
0.0   2.682088151574135
0.0   -0.8106671422719955
0.0   -5.477656955365092
0.0   -5.39451013552025
0.0   -5.370350603247061
0.0   -5.415457013063133
0.0   -5.368710292270407
0.0   -4.774322115583345
0.0   -5.259517331374809
0.0   -5.372025839053094
0.0   -5.353895362466574
0.0   -2.8524694330990314
0.0   -4.935374774504453
0.0   -5.29622252099216
0.0   -5.230898874811828
0.0   -5.368091727606952
0.0   2.1747952699661255
0.0   -5.212031053379178
0.0   -5.366393566131592
0.0   -5.3116146214306355
0.0   -5.293139725923538
0.0   -4.706317667849362
0.0   -2.813033767044544
0.0   -5.376650786958635
0.0   0.24686694145202637
0.0   -5.47444586455822
0.0   -5.21985986828804
0.0   -4.746044127270579
0.0   -4.286533011123538
0.0   12.531196057796478
0.0   -5.423959814943373
0.0   -5.290525048971176
0.0   -3.590698587708175
0.0   -5.490602219477296
0.0   -5.390521042048931
0.0   -5.309308107942343
0.0   -5.428795523941517
0.0   -5.475263030268252
0.0   -5.066887674853206
0.0   -5.445492687635124
0.0   -5.399835684336722
0.0   -5.427115512080491
0.0   6.119270876049995
0.0   -5.496173010207713
0.0   -5.371766669675708
0.0   -5.463450393639505
0.0   -3.3395003704354167
0.0   -4.003268579952419
0.0   -4.969524018466473
0.0   -5.110549918375909
0.0   -4.901083705946803
0.0   -5.466156259179115
0.0   -5.431056277826428
0.0   -5.438323263078928
0.0   0.5463187769055367
0.0   -5.299167551100254
0.0   -4.959924785420299
0.0   -5.25895472150296
0.0   -5.427415029145777
0.0   -5.272462324239314
0.0   -5.390169284306467
0.0   -5.506006686016917
0.0   3.6386168152093887
0.0   -4.7340450854972005
0.0   -4.379582752007991
0.0   -4.855636119842529
0.0   -5.312134352046996
0.0   -4.111280721612275
0.0   -4.948333382606506
0.0   12.957516551017761
0.0   -5.461246038787067
0.0   -5.488226857036352
0.0   -5.429097957909107
0.0   -3.020007248967886
0.0   -5.361398644279689
0.0   -5.451501763425767
0.0   -5.454990727826953
0.0   -5.457515495829284
0.0   -5.228806767147034
0.0   -5.408111643511802
0.0   -5.39605794288218
0.0   -5.1831417814828455
0.0   -5.396931988187134
0.0   -5.4117114706896245
0.0   -5.277818508446217
0.0   -5.527002996299416
0.0   -5.338907928671688
0.0   -5.203678785823286
0.0   -5.348065659403801
0.0   -5.442685334011912
0.0   -4.909719611052424
0.0   -5.445779555942863
0.0   -5.459202576428652
0.0   -5.042656768579036
0.0   -4.838067922275513
0.0   0.4358251839876175
0.0   -1.2744338288903236
0.0   -5.090369714889675
0.0   -5.271856041625142
0.0   -5.17459543608129
0.0   -4.818355357740074
0.0   -5.428583764471114
0.0   -5.252796603366733
0.0   -5.4861762300133705
0.0   -5.166944108903408
0.0   -5.452524725347757
0.0   -4.678114177659154
0.0   -5.383831995539367
0.0   -5.406910145655274
0.0   -5.491384315304458
0.0   -4.432348332367837
0.0   -0.1748487427830696
0.0   -5.334456807933748
0.0   -4.957355717197061
0.0   -5.407534072175622
0.0   -5.069558369927108
0.0   -2.3787922859191895
0.0   -5.396264249458909
0.0   -5.160884979180992
0.0   -5.378916480578482
0.0   -5.3803143771365285
0.0   -5.275660512968898
0.0   -5.336236891336739
0.0   -3.097436845302582
0.0   -4.469336336478591
0.0   -0.6824704669415951
0.0   -5.433781205676496
0.0   -5.214696358889341
0.0   -5.316672935150564
0.0   -5.476230479776859
0.0   -5.371262631379068
0.0   1.3881105408072472
0.0   -5.391163875348866
0.0   -5.4074514620006084
0.0   -4.559068908914924
0.0   -5.397454619407654
0.0   -5.439217086881399
0.0   -5.2431605057790875
0.0   -5.423746133223176
0.0   1.1342487633228302
0.0   -5.315222107805312
0.0   -4.90566523373127
0.0   -5.0545846950262785
0.0   -5.348313792608678
0.0   -1.304453693330288
0.0   -5.483023979701102
0.0   -4.4765530386939645
0.0   -5.498503626324236
0.0   -2.032173179090023
0.0   -5.207744122482836
0.0   -5.451309901662171
0.0   -5.353456293232739
0.0   -4.903111725114286
0.0   0.8185114562511444
0.0   -3.829431077465415
0.0   -5.347347633913159
0.0   -5.371353691443801
0.0   -5.4166854079812765
0.0   8.259374022483826
0.0   -5.337612166535109
0.0   -5.29595246585086
0.0   -5.199152953922749
0.0   -5.395650916267186
0.0   -5.507960077375174
0.0   4.195203602313995
0.0   -1.193008303642273
0.0   -1.7283583134412766
0.0   -5.146258346736431
0.0   -1.7681886106729507
0.0   -5.356762279290706
0.0   -5.412976329913363
0.0   -5.449133235961199
0.0   -5.38259097491391
0.0   -5.409297495381907
0.0   -5.205469748470932
0.0   -5.409767857287079
0.0   -5.3941346178762615
0.0   -4.657674055546522
0.0   -5.216172237880528
0.0   0.23113958537578583
0.0   -4.3433939861133695
0.0   -4.711882245726883
0.0   4.943081855773926
0.0   -5.323260839097202
0.0   -3.8695379737764597
0.0   -5.405703132040799
0.0   -5.225249168463051
0.0   -2.7780595254153013
0.0   -0.10806457698345184
0.0   -5.363094911444932
0.0   -5.071711948141456
0.0   -5.467184052569792
0.0   -5.202559080906212
0.0   -5.460819172207266
0.0   -4.733804801013321
0.0   -5.40580714866519
0.0   -5.55640636314638
0.0   -5.37333402922377
0.0   -2.268748376518488
0.0   -5.4553870828822255
0.0   1.5856163427233696
0.0   -4.888397137168795
0.0   -5.427949215751141
0.0   -4.9060682421550155
1.0   25.479871660470963
1.0   6.5994202345609665
1.0   1.8076390326023102
1.0   29.857677772641182
1.0   35.592426573857665
1.0   14.348000168800354
1.0   41.69784163311124
1.0   46.8946033641696
1.0   34.96506616845727
1.0   -2.9606733918190002
1.0   24.66387176513672
1.0   -5.222515695728362
1.0   28.729543328285217
1.0   35.2479359023273
1.0   27.278862416744232
1.0   45.2674222625792
1.0   34.01769740507007
1.0   25.228293865919113
1.0   35.67096030898392
1.0   -2.81698739528656
1.0   46.52658660337329
1.0   24.025743424892426
1.0   25.427547991275787
1.0   27.320383039303124
1.0   22.30710374005139
1.0   5.852652281522751
1.0   10.679791867733002
1.0   25.427547991275787
1.0   23.878027200698853
1.0   39.42528931237757
1.0   -1.9038029685616493
1.0   18.32917618751526
1.0   -2.2973733097314835
1.0   5.180266261100769
1.0   39.88236634340137
1.0   15.733165860176086
1.0   19.891572274267673
1.0   40.57949641533196
1.0   34.43132326938212
1.0   20.319052577018738
1.0   11.925579011440277
1.0   24.600998118519783
1.0   18.22214239835739
1.0   -2.6329818665981293
