0.0   -5.337904873304069
0.0   -5.291189717128873
0.0   -5.310379440896213
0.0   -5.324653596617281
0.0   -5.429540812037885
0.0   -5.434004981070757
0.0   -5.238719083368778
0.0   -5.3528971849009395
0.0   -5.282962688244879
0.0   -5.281060702167451
0.0   -5.258002283982933
0.0   -5.315516838803887
0.0   -4.912096232175827
0.0   -5.404801033437252
0.0   -5.428939463570714
0.0   -5.398763363715261
0.0   -5.305517604574561
0.0   -5.318123870529234
0.0   -4.855535433627665
0.0   -5.287980185821652
0.0   -5.293123288080096
0.0   -5.454919067211449
0.0   -4.796263771131635
0.0   -5.363817743957043
0.0   -5.333009482361376
0.0   -5.454285210929811
0.0   -5.459817117080092
0.0   -4.841999622993171
0.0   -5.268065110780299
0.0   -4.9890748374164104
0.0   -5.368291615508497
0.0   -5.354765443131328
0.0   -5.354238346219063
0.0   -5.293533489108086
0.0   -4.414847425185144
0.0   -5.263625614345074
0.0   -5.382926381193101
0.0   -5.459155699238181
0.0   -5.2318537486717105
0.0   -5.447179120033979
0.0   -5.251664730720222
0.0   -5.390735332854092
0.0   -5.363228342495859
0.0   -5.196268042549491
0.0   -5.481526819523424
0.0   -5.395852638408542
0.0   -5.2693669172003865
0.0   -5.364086648449302
0.0   -5.3620179165154696
0.0   -5.094256963580847
0.0   -4.807562002912164
0.0   -5.18276038300246
0.0   -5.363330589141697
0.0   -5.374677271582186
0.0   -5.234477736055851
0.0   -5.440508303232491
0.0   -5.316897653974593
0.0   -5.32739519700408
0.0   -5.121314578689635
0.0   -5.3901930204592645
0.0   -5.3938989052549005
0.0   -5.464667160995305
0.0   -5.417172878049314
0.0   -5.418754568323493
0.0   -5.172272378578782
0.0   -5.26154278498143
0.0   -5.274366168305278
0.0   -3.6597507670521736
0.0   -5.393225062638521
0.0   -5.318655094131827
0.0   -5.47314520040527
0.0   -5.158435451798141
0.0   -5.220430860295892
0.0   -5.423314400948584
0.0   -4.94495293032378
0.0   -5.115395310334861
0.0   -5.245595884043723
0.0   -5.214354258961976
0.0   -5.281002946197987
0.0   -5.31706562358886
0.0   -5.369222046807408
0.0   -5.224630482494831
0.0   -5.260392306372523
0.0   -5.23896632483229
0.0   -5.401376967318356
0.0   -5.345756435766816
0.0   -5.379061331041157
0.0   -5.358717177994549
0.0   -5.433202897198498
0.0   -5.276802813634276
0.0   -5.227911724708974
0.0   -5.326546061318368
0.0   -5.318866743706167
0.0   -5.361459931358695
0.0   -5.3142500799149275
0.0   -5.310975437518209
0.0   -5.3774983286857605
0.0   -5.358411372639239
0.0   -5.211994813755155
0.0   -5.149498796090484
0.0   -5.288592883385718
0.0   -5.309035276062787
0.0   -5.270496602635831
0.0   -5.271378724835813
0.0   -5.169365751557052
0.0   -5.204568355344236
0.0   -4.789200685918331
0.0   -5.410272492095828
0.0   -5.356587613467127
0.0   -5.192181332502514
0.0   -5.23170283716172
0.0   -4.163345414213836
0.0   -5.377863910980523
0.0   -5.144957079552114
0.0   -4.930363508872688
0.0   -5.442601517308503
0.0   -5.400092058815062
0.0   -5.397239708341658
0.0   -5.365891767665744
0.0   -5.462932105176151
0.0   -5.111284028738737
0.0   -5.403082957491279
0.0   -5.392886050976813
0.0   -5.4557641092687845
0.0   -4.590742596425116
0.0   -5.46392716653645
0.0   -5.310122814960778
0.0   -5.42846117913723
0.0   -5.070160432718694
0.0   -5.250853626057506
0.0   -5.289244699291885
0.0   -5.342021667398512
0.0   -5.372087338473648
0.0   -5.407337109558284
0.0   -5.376480349339545
0.0   -5.482746058143675
0.0   -5.028367965016514
0.0   -5.276983724907041
0.0   -5.193223177921027
0.0   -5.224781611934304
0.0   -5.409314774442464
0.0   -5.215783239342272
0.0   -5.385228395927697
0.0   -5.499163220636547
0.0   -5.041363458149135
0.0   -1.4390848278999329
0.0   -5.178681728430092
0.0   -5.2902899528853595
0.0   -5.413150659762323
0.0   -5.303009662311524
0.0   -5.1908897971734405
0.0   -4.570212400518358
0.0   -5.442635987885296
0.0   -5.526543254964054
0.0   -5.407423308584839
0.0   -4.924622504040599
0.0   -5.359497210010886
0.0   -5.379107773303986
0.0   -5.4115161672234535
0.0   -5.516854032874107
0.0   -5.2998870690353215
0.0   -5.430250809993595
0.0   -5.422021887730807
0.0   -5.307147081941366
0.0   -5.3767725569196045
0.0   -5.380786799825728
0.0   -5.339859928935766
0.0   -5.44655195157975
0.0   -5.380093615502119
0.0   -5.308604266028851
0.0   -5.325631731189787
0.0   -5.437936441972852
0.0   -5.198661710135639
0.0   -5.476166022010148
0.0   -5.447862382978201
0.0   -5.380800131708384
0.0   -5.344446217175573
0.0   -4.952047722414136
0.0   -5.2581659611314535
0.0   -5.330487878993154
0.0   -5.375763565301895
0.0   -5.2907518283464015
0.0   -5.298825975507498
0.0   -5.3633757047355175
0.0   -5.236044214107096
0.0   -5.422677150927484
0.0   -5.408379432745278
0.0   -5.362304854206741
0.0   -5.194364533759654
0.0   -5.366739057004452
0.0   -5.355368616990745
0.0   -5.479150408413261
0.0   -5.182225575204939
0.0   -5.263200373388827
0.0   -5.327128200791776
0.0   -5.321166401263326
0.0   -5.4218884548172355
0.0   -1.9285154789686203
0.0   -5.131120202131569
0.0   -5.337099224328995
0.0   -4.900652860291302
0.0   -5.396321066655219
0.0   -5.381057151127607
0.0   -5.102919622324407
0.0   -5.377383618615568
0.0   -5.465966086834669
0.0   -5.307699964381754
0.0   -4.907474208623171
0.0   -5.392196195665747
0.0   -5.010071571916342
0.0   -5.35680175665766
0.0   -5.410324868280441
0.0   -5.349043595138937
0.0   -5.2524273307062685
0.0   -5.394885739311576
0.0   -5.388136649504304
0.0   -4.885321086272597
0.0   -5.362466788850725
0.0   -5.340230950154364
0.0   -5.340165052562952
0.0   -5.406481720507145
0.0   -4.849328421056271
0.0   -5.329394184052944
0.0   -5.350699962582439
0.0   -5.147136092185974
0.0   -5.348653461318463
0.0   -5.246871428564191
0.0   -5.468599136918783
0.0   -5.253709827549756
0.0   -5.430185158737004
0.0   -4.98747635865584
0.0   -5.220902433153242
0.0   -5.4701613816432655
0.0   -5.315906293690205
0.0   -5.269480685703456
0.0   -5.14229341596365
0.0   -5.246039047837257
0.0   -5.3714342545717955
0.0   -5.3102205796167254
0.0   -5.395740889944136
0.0   -4.89126261882484
0.0   -5.274068105965853
0.0   -5.3433579402044415
0.0   -5.331160894595087
0.0   -5.303495303727686
0.0   -5.43782676383853
0.0   -4.96918371040374
0.0   -5.091903267428279
0.0   -5.2637174325063825
0.0   -5.237930794246495
0.0   -5.113703059032559
0.0   -5.329798543825746
0.0   -5.303716795984656
0.0   -5.3636473240330815
0.0   -5.319594634696841
0.0   -5.439167600590736
0.0   -5.3575613223947585
0.0   -5.366385531146079
0.0   -5.387410913594067
0.0   -5.293304881080985
0.0   -5.150785578414798
0.0   -5.236165428068489
0.0   -5.2116620959714055
0.0   -5.340110508725047
0.0   -5.039074320346117
0.0   -5.3143118736334145
0.0   -5.168737757951021
0.0   -5.343889216892421
0.0   -5.312606440857053
0.0   -5.148842286318541
0.0   -5.117930693551898
0.0   -5.393533885478973
0.0   -5.2471307730302215
0.0   -5.397368876263499
0.0   -5.250065111555159
0.0   -5.393378686159849
0.0   -5.268452245742083
0.0   -5.359031856991351
0.0   -5.468902152497321
0.0   -5.32717232266441
0.0   -5.085095891728997
0.0   -5.3999166348949075
0.0   -4.812395690008998
0.0   -5.282025023363531
0.0   -5.342333461157978
0.0   -5.18391333008185
1.0   10.870135426521301
1.0   -4.993716554716229
1.0   -2.5929648131132126
1.0   36.73725257627666
1.0   31.298500895500183
1.0   10.60612154006958
1.0   49.00644274614751
1.0   56.40003155171871
1.0   39.14257124438882
1.0   -5.068864049389958
1.0   8.113747000694275
1.0   -5.339527994859964
1.0   27.864389806985855
1.0   48.923711113631725
1.0   18.010142982006073
1.0   40.07699669897556
1.0   50.76347466558218
1.0   27.83806151151657
1.0   44.27629303187132
1.0   2.169439971446991
1.0   45.70252038538456
1.0   13.926417887210846
1.0   26.36124211549759
1.0   29.362542182207108
1.0   30.00049210526049
1.0   13.822405338287354
1.0   -4.8351431004703045
1.0   26.36124211549759
1.0   15.926721453666687
1.0   46.63797418028116
1.0   -4.054942101240158
1.0   7.1331446170806885
1.0   -4.405633179470897
1.0   -3.876968629658222
1.0   46.75411567837
1.0   12.393150687217712
1.0   35.99082192406058
1.0   63.34391437098384
1.0   37.60389802604914
1.0   11.029805898666382
1.0   25.288033723831177
1.0   11.56655490398407
1.0   23.324927926063538
1.0   -4.6088853776454926
